input/BurkinaFaso/MvmtValidation/Houet/houet.asc
ncols         28
nrows         32
xllcorner     298381.04159935
yllcorner     1179152.0097032
cellsize      5000
NODATA_value  -9999
-9999 -9999 -9999 -9999 -9999 -9999 -9999 1336 -9999 -9999 -9999 -9999 -9999 -9999 -9999 -9999 -9999 -9999 -9999 -9999 -9999 -9999 -9999 -9999 -9999 -9999 -9999 -9999 
-9999 -9999 -9999 2327 4011 2415 2527 1679 -9999 -9999 -9999 -9999 -9999 -9999 -9999 -9999 -9999 -9999 -9999 -9999 -9999 -9999 -9999 -9999 -9999 -9999 -9999 -9999 
-9999 -9999 -9999 -9999 1456 2625 2786 1306 1070 -9999 -9999 -9999 -9999 -9999 -9999 -9999 -9999 -9999 -9999 -9999 -9999 -9999 -9999 -9999 -9999 -9999 -9999 -9999 
-9999 -9999 -9999 -9999 -9999 1387 2024 802 1151 -9999 -9999 -9999 -9999 -9999 -9999 -9999 1342 1144 -9999 -9999 -9999 -9999 -9999 -9999 -9999 -9999 -9999 -9999 
-9999 -9999 -9999 -9999 -9999 1257 2156 1898 1624 -9999 -9999 -9999 -9999 1580 1808 988 1064 1063 598 -9999 -9999 -9999 -9999 -9999 -9999 -9999 -9999 -9999 
-9999 -9999 -9999 -9999 -9999 1284 1171 2020 1530 -9999 -9999 -9999 -9999 1665 1072 867 1517 1432 665 855 -9999 -9999 -9999 -9999 -9999 -9999 -9999 -9999 
-9999 -9999 -9999 -9999 -9999 1218 1018 1429 -9999 -9999 -9999 -9999 -9999 1612 1725 1140 1381 769 960 -9999 -9999 -9999 -9999 -9999 -9999 -9999 -9999 -9999 
-9999 -9999 -9999 -9999 -9999 718 723 1193 -9999 -9999 -9999 -9999 1397 1157 2018 1522 1208 531 696 -9999 -9999 -9999 -9999 -9999 -9999 -9999 -9999 -9999 
-9999 -9999 -9999 -9999 1291 1397 1204 2426 -9999 573 543 1416 1098 1006 1801 877 543 481 639 617 -9999 -9999 -9999 -9999 -9999 -9999 -9999 -9999 
-9999 -9999 -9999 -9999 -9999 1182 2120 1121 789 505 754 974 1431 1068 943 465 415 391 527 455 -9999 -9999 -9999 -9999 -9999 -9999 -9999 -9999 
-9999 -9999 -9999 -9999 -9999 2027 3791 1356 885 629 947 861 1523 1102 534 555 366 361 604 -9999 -9999 -9999 -9999 -9999 -9999 -9999 -9999 -9999 
-9999 -9999 -9999 -9999 -9999 -9999 4735 1195 959 1031 1588 1467 1733 1079 558 355 349 451 528 -9999 -9999 -9999 -9999 -9999 -9999 -9999 -9999 -9999 
-9999 -9999 -9999 -9999 -9999 -9999 -9999 2995 1074 1745 1608 1541 1274 731 509 398 465 621 902 -9999 -9999 -9999 -9999 -9999 -9999 -9999 -9999 -9999 
-9999 -9999 -9999 -9999 -9999 -9999 892 2444 2044 2057 2218 1112 685 996 533 742 1063 730 1143 617 -9999 -9999 -9999 -9999 -9999 -9999 -9999 -9999 
-9999 -9999 -9999 -9999 923 -9999 653 1181 2994 1930 1410 764 723 720 687 661 724 1510 886 449 635 -9999 -9999 -9999 -9999 -9999 -9999 -9999 
-9999 -9999 -9999 706 985 1219 1158 1247 2229 3641 1218 737 920 2198 3723 1369 745 1348 882 569 927 -9999 -9999 -9999 -9999 -9999 -9999 -9999 
-9999 -9999 1210 681 783 1071 1454 1187 1386 3129 2628 1449 1094 2692 5377 4343 2094 603 606 695 917 1001 -9999 -9999 -9999 -9999 -9999 -9999 
-9999 -9999 837 575 722 835 1308 917 1260 1753 3052 3585 1514 5678 6157 9379 7094 2427 638 727 1261 738 -9999 -9999 -9999 -9999 -9999 -9999 
-9999 2230 911 730 711 1063 2222 5057 6386 3388 7574 11351 6323 10744 6258 5463 4197 1637 760 853 1004 -9999 -9999 -9999 -9999 -9999 -9999 -9999 
-9999 796 735 841 1166 1075 3221 7489 9501 8736 9721 40627 31747 10406 7737 5291 1152 1061 778 775 864 -9999 -9999 -9999 -9999 -9999 -9999 -9999 
-9999 -9999 1112 598 866 1996 4147 6788 7922 8291 28492 57432 57734 29396 11061 9491 5495 7776 1713 1119 1124 -9999 -9999 -9999 -9999 -9999 -9999 -9999 
-9999 -9999 -9999 -9999 659 2168 7364 7395 11837 16191 25019 44761 36919 18793 14397 7726 3923 2769 797 741 803 1203 1423 -9999 -9999 -9999 -9999 -9999 
-9999 -9999 -9999 -9999 1245 1774 7252 6754 4442 6769 11288 14156 4852 4099 3974 5281 3931 1072 1077 1190 1370 1265 1180 1152 -9999 -9999 -9999 -9999 
-9999 -9999 -9999 -9999 1330 1432 2498 2009 1117 3637 11431 6310 5448 5043 4735 3584 2115 2121 1663 956 873 874 1105 1109 1077 -9999 -9999 -9999 
-9999 -9999 -9999 907 875 1024 1514 1227 1328 1985 1863 3202 4770 4065 3800 1653 2258 4381 1599 903 771 941 1264 1114 1039 1437 862 -9999 
-9999 -9999 1145 1147 956 585 846 1816 2447 1329 903 888 1164 1716 2212 1449 1696 1852 2267 1582 1102 902 1043 1483 1570 1750 1176 -9999 
-9999 -9999 1065 895 720 696 1188 1906 1335 990 1026 815 973 836 780 946 1415 2160 1846 2220 1915 1529 1491 1946 1506 1629 904 -9999 
-9999 -9999 882 732 1441 1364 1687 1917 1231 1133 1189 874 891 844 890 1230 2092 1806 1381 1737 1703 1456 1353 994 708 -9999 -9999 -9999 
-9999 -9999 1074 1025 2390 -9999 -9999 -9999 -9999 1050 970 1492 1434 995 1238 1626 2283 1884 1697 1062 1488 1635 1003 -9999 -9999 -9999 -9999 -9999 
-9999 -9999 -9999 -9999 -9999 -9999 -9999 -9999 -9999 -9999 1021 1462 1403 929 987 1169 -9999 2018 1213 1300 1858 1545 -9999 -9999 -9999 -9999 -9999 -9999 
-9999 -9999 -9999 -9999 -9999 -9999 -9999 -9999 -9999 -9999 -9999 -9999 1515 1392 -9999 -9999 -9999 -9999 1500 1534 1784 949 902 -9999 -9999 -9999 -9999 -9999 
-9999 -9999 -9999 -9999 -9999 -9999 -9999 -9999 -9999 -9999 -9999 -9999 -9999 -9999 -9999 -9999 -9999 -9999 -9999 -9999 1283 -9999 -9999 -9999 -9999 -9999 -9999 -9999 
