input/BurkinaFaso/MvmtValidation/Boulkiemde/boulkiemde.asc
ncols         16
nrows         19
xllcorner     553381.04159935
yllcorner     1314152.0097032
cellsize      5000
NODATA_value  -9999
-9999 -9999 -9999 -9999 -9999 -9999 -9999 -9999 -9999 -9999 -9999 -9999 -9999 -9999 -9999 -9999 
-9999 -9999 -9999 -9999 -9999 2341 3895 3010 1892 1769 4068 -9999 4491 -9999 -9999 -9999 
-9999 -9999 -9999 -9999 1599 -9999 2344 1746 2114 2675 1688 1759 2631 -9999 -9999 -9999 
-9999 -9999 -9999 -9999 -9999 -9999 1504 1532 2336 2813 3247 2111 3333 3335 2772 -9999 
-9999 -9999 -9999 -9999 -9999 1441 2058 2708 2833 2848 2450 1920 3301 3995 1299 -9999 
-9999 -9999 -9999 -9999 1590 2257 2953 2856 1921 1521 1610 2989 1902 1226 1146 1706 
-9999 2459 2801 5511 4516 2578 2708 2293 3599 3392 3282 -9999 -9999 -9999 1396 -9999 
-9999 -9999 2474 2885 4320 2834 2374 2487 3245 4351 -9999 -9999 -9999 -9999 -9999 -9999 
-9999 -9999 2814 3094 4832 3305 3423 4409 4854 4923 -9999 -9999 -9999 1310 1149 -9999 
-9999 -9999 4275 5435 5995 4676 3735 4033 2971 -9999 -9999 -9999 1285 1422 2067 -9999 
-9999 -9999 14977 20997 9923 5694 4200 4256 2666 3227 2370 1445 1172 1587 2189 2507 
-9999 -9999 15563 15761 6564 5045 2959 3200 4605 4058 3483 2281 2211 3180 3646 -9999 
2031 3331 3288 3263 2628 3396 2651 3450 3208 3665 4861 3494 3133 5465 3897 -9999 
-9999 -9999 2502 2100 2176 2356 2027 2094 2938 3459 2580 1760 -9999 -9999 -9999 -9999 
-9999 1008 915 1504 1490 2961 2562 2645 3207 2635 1891 1477 -9999 -9999 -9999 -9999 
-9999 849 934 2208 2674 3953 5619 2861 3270 3570 1708 -9999 -9999 -9999 -9999 -9999 
-9999 -9999 2437 3106 2213 2542 3645 3089 4780 3617 -9999 -9999 -9999 -9999 -9999 -9999 
-9999 -9999 -9999 -9999 -9999 4698 6234 3724 -9999 -9999 -9999 -9999 -9999 -9999 -9999 -9999 
-9999 -9999 -9999 -9999 -9999 -9999 -9999 -9999 -9999 -9999 -9999 -9999 -9999 -9999 -9999 -9999 
